0 0.3094951923076923 0.7839423076923077 0.5534134615384615 0.3281490384615384
0 0.5238701923076923 0.5972836538461539 0.17245192307692306 0.06872596153846154
0 0.44074519230769227 0.5127884615384615 0.1503846153846154 0.07180288461538462
0 0.6366105769230769 0.5404326923076923 0.05379807692307692 0.0334375
0 0.5628846153846154 0.45050480769230766 0.08598557692307693 0.058581730769230775
0 0.7362740384615385 0.39463942307692307 0.14685096153846156 0.060697115384615384
0 0.6018990384615385 0.3672836538461538 0.12605769230769232 0.03382211538461539
0 0.6381009615384615 0.41031249999999997 0.09252403846153846 0.02689903846153846
0 0.6660817307692307 0.448125 0.11754807692307692 0.057548076923076924
0 0.6044471153846154 0.4763701923076923 0.10673076923076923 0.0465625
0 0.6712019230769232 0.5140625 0.09971153846153845 0.05723557692307692
0 0.7904086538461539 0.43519230769230766 0.07384615384615384 0.042908653846153846
0 0.7263701923076924 0.8491586538461539 0.14978365384615386 0.12459134615384615